 Energy Avg: -14991.8

 E2avg 2.47228e+08
 Epavg: -18223.1
 Ekavg: 3310.11
 Tavg: 272.242
 Pavg: 1136.88
 P2avg: 1.42236e+06
