 Energy Avg: -3245.16

 E2avg 1.57966e+07
 Epavg: -3831.32
 Ekavg: 605.789
 Tavg: 198.661
 Pavg: -1290.49
 P2avg: 2.49819e+06
